112233445566778899
AAA
BB
2212121212121212121212121212122122121212211212121212121212121212121212121212121212122122121212211212121212121212121212121212121212121212122122121212211212121212121212121212121212121212121212122122121212211212121212121212121212121212121212121212122122121212211212121212121212121212121212121212121212122122121212211212121212121212121212121212121212121212122122121212211212121212121212121212121212121212121212122122121212211212121212121212121212121212121212121212122122121212211212121212121212121212121212121212121212122122121212211212121212121212121212121212121212121212122122121212211212121212121212121212121212121212121212122122121212211212121212121222222222222121212121212121212121212121221221212122112121212121212

212121212121212121212121212122122121212211212121212121

2212121212121212121212121212122122121212211212121212121212121212121212121212121212122122121212211212121212121

2212121212121212121212121212122122121212211212121212121212121212121212121212121212122122121212211212121212121222
